0,243
416,5
416,4
415,4
409,7
409,6
409,5
409,4
468,1
468,3
416,1
416,3
14,13
417,3
415,5
415,1
415,3
409,1
409,3
14,11
14,14
14,5
414,1
414,3
14,15
0,355
0,273
0,270
0,364
497,8
497,7
497,6
497,5
497,4
497,3
497,2
497,1
497,0
467,5
467,4
467,3
467,1
466,5
466,4
466,3
466,2
466,1
463,4
463,3
463,1
462,4
462,3
462,1
461,3
461,1
456,4
456,1
455,12
455,11
455,10
455,9
455,8
455,7
455,6
455,5
455,4
455,3
455,1
454,4
454,1
453,10
453,9
453,7
453,4
10,2
10,1
453,3
453,1
452,7
452,6
10,3
452,5
452,4
452,3
452,1
451,7
451,6
451,5
451,4
11,2
11,1
451,3
451,1
11,3
436,3
436,1
432,4
432,1
431,2533
431,2532
431,2531
431,1
428,4
428,3
428,1
427,1245
427,406
427,405
427,404
427,403
427,402
427,401
427,400
427,399
427,398
427,397
427,396
427,387
427,385
427,6
427,5
427,4
