3,2
3,1
3,3
9,2
9,1
9,3
8,2
8,1
8,3
12,2
12,1
12,3
497,8
497,7
497,6
497,5
497,4
497,3
497,2
20,2
497,1
20,1
497,0
467,5
467,4
467,3
20,3
467,1
466,5
466,4
466,3
466,2
19,2
19,1
466,1
463,4
463,3
19,3
463,1
462,4
462,3
462,1
461,3
461,1
456,4
456,1
455,12
455,11
455,10
455,9
455,8
455,7
455,6
455,5
455,4
455,3
455,1
454,4
454,1
453,10
453,9
453,7
453,4
453,3
453,1
452,7
452,6
452,5
452,4
452,3
452,1
451,7
451,6
451,5
451,4
451,3
451,1
436,3
436,1
432,4
432,1
431,2533
431,2532
431,1
431,2531
428,1
428,3
427,1245
427,385
427,6
427,5
427,3
427,1
425,6
425,1
425,5
417,4
417,3
417,1
416,3
416,1
415,5
415,3
415,1
414,4
414,3
18,1
414,1
412,868
412,11
412,3
18,3
412,1
409,3
409,1
402,704
402,136
402,4
